01 20 40
01 50 500 30 -30
02 700 970 -25 50
03 800 600 -20 -50
04 500 700 35 -30
05 700 870 -10 50
06 800 400 -20 -50
07 600 500 30 -30
08 700 400 -50 50
09 300 600 -20 -50
10 800 300 -20 -50
11 60 500 30 -30
12 760 970 -40 50
13 860 600 -20 -50
14 560 700 30 -30
15 760 870 -50 50
16 860 400 -20 -50
17 660 500 30 -30
18 760 400 -50 50
19 360 600 -20 -50
20 860 300 -20 -50
21 520 500 30 -30
22 720 970 -50 50
23 850 600 -20 -50
24 530 790 30 -30
25 770 870 -50 50
26 810 500 -20 -50
27 680 500 30 -30
28 710 420 -50 50
29 340 620 -20 -50
30 880 700 -20 -50
31 80 500 30 -30
32 790 870 -50 50
33 460 620 -20 -50
34 360 740 30 -30
35 260 890 -50 50
36 560 420 -20 -50
37 670 510 30 -30
38 790 460 -50 50
39 860 680 -20 -50
40 830 390 -20 -50