01 100
001 711 791 16 23
002 328 157 39 -33
003 502 402 -48 32
004 103 521 27 4
005 602 142 -40 43
006 21 944 48 31
007 431 976 -22 -43
008 736 912 35 50
009 376 470 17 28
010 58 318 -16 -5
011 197 93 35 -40
012 138 717 -24 -35
013 41 70 18 45
014 562 811 -1 2
015 123 631 -31 11
016 282 558 -48 32
017 972 138 13 -11
018 741 496 -12 -36
019 243 164 36 31
020 845 943 -32 49
021 931 415 28 8
022 57 197 5 -32
023 379 50 28 25
024 284 320 1 -19
025 378 926 -12 39
026 241 726 -11 30
027 765 741 -40 -17
028 450 439 40 -37
029 76 114 -29 -48
030 130 239 47 -13
031 408 846 9 37
032 790 78 -41 16
033 437 897 6 -43
034 473 771 16 -15
035 326 92 34 9
036 284 425 -36 -45
037 718 188 -34 8
038 858 808 11 -1
039 227 785 -6 24
040 238 504 -25 14
041 632 173 13 4
042 595 473 -12 7
043 290 672 14 -17
044 787 819 49 -27
045 802 380 -43 12
046 930 594 22 45
047 684 715 -17 16
048 35 258 37 8
049 664 642 -31 -45
050 498 839 -14 -8
051 744 322 -30 36
052 335 754 4 -13
053 712 93 -25 -34
054 788 155 16 -48
055 700 136 -13 -49
056 656 957 -47 46
057 665 809 39 -32
058 775 955 -48 -14
059 475 21 -12 -17
060 89 467 28 -30
061 730 230 -21 12
062 60 896 -37 -30
063 234 350 -41 -4
064 913 372 37 -26
065 282 859 -35 10
066 386 395 -8 33
067 209 914 44 33
068 525 574 -17 -46
069 45 749 23 32
070 784 603 -42 39
071 954 953 -27 18
072 930 868 -49 -3
073 740 579 -3 13
074 757 403 39 -3
075 583 181 46 11
076 410 674 -49 13
077 83 258 13 10
078 893 275 -5 -17
079 415 180 -17 14
080 163 153 28 18
081 678 243 1 -41
082 620 54 -23 -41
083 566 38 28 -14
084 896 115 4 -46
085 163 669 11 20
086 849 28 -10 -33
087 902 63 39 -18
088 518 52 21 -32
089 326 887 27 -11
090 888 910 45 -5
091 429 477 -32 -25
092 411 609 38 -30
093 924 460 21 -29
094 972 442 34 3
095 878 682 37 -15
096 40 506 -45 -25
097 757 282 27 47
098 695 923 21 -30
099 309 212 -31 -7
100 964 780 -50 -23
101 197 442 -23 -17
102 196 53 -7 -1
103 763 856 -23 -33
104 864 873 17 14
105 557 755 17 37
106 819 872 -14 -36
107 258 67 -1 36
108 399 133 30 41
109 919 156 33 -7
110 803 313 42 29
111 940 230 23 39
112 105 815 -28 5
113 289 718 6 28
114 139 306 43 -20
115 207 562 -40 44
116 615 539 14 -24
117 962 825 24 -24
118 847 318 47 35
119 53 840 37 -49
120 517 193 39 -5
121 883 493 -24 -40
122 597 897 50 -46
123 315 468 -43 18
124 519 279 -34 -24
125 164 347 -9 9
126 137 784 -32 -35
127 185 390 23 16
128 903 768 -23 -43
129 112 166 14 45
130 349 241 -25 22
131 836 625 -27 -10
132 720 860 8 37
133 445 284 -24 6
134 649 124 -29 -39
135 313 385 4 19
136 128 580 -37 -28
137 473 712 14 1
138 481 345 -46 -45
139 665 197 11 -10
140 627 237 -2 -5
141 104 421 -48 12
142 523 451 14 -47
143 693 473 -30 24
144 887 730 -38 7
145 376 716 20 26
146 343 828 -42 -35
147 595 645 -35 -31
148 516 624 -33 -13
149 337 663 22 -30
150 379 545 -19 40
151 828 698 9 39
152 185 717 47 25
153 536 966 -49 2
154 680 332 42 -21
155 806 252 -45 28
156 934 271 -41 5
157 373 800 -36 -39
158 636 401 -21 39
159 429 27 -45 -35
160 293 515 19 47
161 949 546 6 23
162 671 87 34 14
163 162 831 45 24
164 236 963 -28 -36
165 160 503 -1 -11
166 796 557 29 -41
167 106 375 -29 37
168 360 430 -5 -21
169 573 586 -5 -46
170 390 343 -28 41
171 412 790 -11 -16
172 50 634 -17 -24
173 533 910 16 25
174 760 117 44 -26
175 60 788 -28 40
176 568 422 41 -20
177 456 80 -40 38
178 308 629 6 3
179 30 559 18 -31
180 197 211 -45 -2
181 444 540 20 14
182 145 43 -15 -50
183 617 816 -50 -44
184 894 545 -20 -11
185 175 965 -25 11
186 453 845 -43 40
187 98 769 -41 11
188 611 699 -40 49
189 724 632 -12 32
190 211 850 -14 -2
191 795 494 -8 -12
192 261 824 20 -23
193 798 452 11 -20
194 293 790 -13 -12
195 215 654 29 5
196 615 323 20 30
197 368 91 22 46
198 481 658 -46 29
199 651 883 -34 14
200 830 774 22 -20
201 845 277 35 44
202 700 281 -50 22
203 977 248 24 45
204 326 31 35 30
205 412 745 36 40
206 555 218 -13 43
207 338 549 15 -29
208 652 759 50 12
209 882 196 -34 -37
210 879 450 -18 -25
211 809 919 -26 -3
212 87 658 -1 6
213 926 635 19 -46
214 975 94 36 -34
215 961 707 48 -10
216 560 529 -8 -32
217 376 976 13 -41
218 942 910 27 48
219 162 902 19 35
220 387 264 4 22
221 550 104 3 16
222 850 230 -26 21
223 181 610 -16 -9
224 582 250 -6 4
225 214 270 48 -46
226 803 199 -18 47
227 489 129 38 -5
228 504 506 -46 14
229 42 150 9 -26
230 160 269 -40 5
231 250 206 14 38
232 261 20 -18 -47
233 276 951 30 2
234 350 613 22 5
235 117 893 22 -44
236 917 825 -19 17
237 913 312 -48 -47
238 321 937 38 16
239 271 374 44 -28
240 369 867 45 26
241 839 90 -23 32
242 258 288 -45 37
243 975 871 -2 -14
244 747 73 49 1
245 468 227 2 -7
246 838 148 -29 48
247 572 380 -47 -18
248 837 419 10 41
249 637 607 -25 -43
250 75 583 40 -23
251 744 682 49 -35
252 325 979 -33 -41
253 126 92 -9 11
254 555 298 -3 38
255 617 966 -17 29
256 43 449 2 24
257 286 144 -45 43
258 696 974 49 -23
259 642 487 15 -19
260 963 25 -36 -38
261 534 360 36 -41
262 470 930 20 27
263 426 323 33 40
264 788 674 17 -2
265 307 271 -41 1
266 589 93 -39 -20
267 676 387 44 20
268 335 342 15 -15
269 972 365 36 -28
270 472 972 10 29
271 27 351 38 -41
272 448 142 -2 40
273 752 789 40 -16
274 108 26 -17 38
275 960 501 27 30
276 368 159 31 -3
277 722 428 -40 11
278 844 375 -36 31
279 971 192 -48 48
280 673 522 -31 -23
281 968 620 -41 37
282 956 325 -32 33
283 473 478 -49 32
284 624 284 -41 -33
285 161 552 -28 15
286 471 619 29 -24
287 724 368 -23 45
288 525 717 -25 -47
289 258 592 4 -4
290 46 696 -49 -44
291 880 589 -18 43
292 830 580 -29 -34
293 603 762 -34 -9
294 805 21 -5 4
295 485 887 6 9
296 658 560 16 -39
297 678 31 38 -8
298 254 894 -34 -32
299 696 573 13 -13
300 244 412 -23 34
301 54 406 8 -11
302 251 466 -30 -1
303 475 185 -17 -43
304 439 398 1 -44
305 177 764 -4 -13
306 914 967 -33 -13
307 474 577 -9 7
308 152 437 -2 26
309 280 103 -19 -42
310 559 679 -30 -38
311 570 852 -12 30
312 341 501 36 -26
313 744 536 -19 -25
314 513 792 30 -21
315 20 796 39 18
316 95 218 26 -31
317 648 447 7 24
318 233 114 -24 -48
319 90 858 -49 -1
320 355 293 -14 37
321 202 171 -43 -11
322 135 980 2 43
323 97 330 9 10
324 920 513 47 21
325 840 493 -42 -2
326 335 709 20 43
327 419 236 -9 17
328 30 109 24 -15
329 20 888 6 6
330 187 308 1 -40
331 530 865 -5 28
332 762 23 46 5
333 148 191 48 -19
334 243 544 -5 -46
335 66 940 -10 -36
336 91 69 -45 -20
337 20 603 29 -33
338 555 486 28 -2
339 856 530 13 -44
340 922 686 -40 14
341 964 662 45 35
342 741 980 -32 47
343 881 633 32 36
344 557 625 37 -26
345 718 20 -38 -7
346 409 440 3 -41
347 442 649 49 -47
348 532 155 14 38
349 882 340 43 -50
350 275 246 -27 17
351 935 106 -33 -26
352 61 25 -13 -42
353 651 682 1 8
354 906 21 47 44
355 643 358 -50 33
356 770 353 -4 47
357 519 322 16 -17
358 268 756 -25 40
359 617 861 28 -33
360 729 723 29 24
361 373 207 47 -27
362 628 927 -7 5
363 899 235 3 22
364 572 929 -17 -46
365 198 490 4 -36
366 939 743 -46 -29
367 608 432 -7 -19
368 827 980 22 29
369 313 585 47 26
370 48 979 -48 -38
371 400 510 41 29
372 93 698 38 -46
373 409 80 -24 13
374 411 569 46 4
375 879 399 28 -7
376 693 673 14 -7
377 757 448 -8 24
378 878 155 20 -32
379 571 339 46 6
380 510 240 41 -14
381 20 30 28 25
382 417 938 24 42
383 380 644 15 29
384 21 219 47 46
385 761 202 -18 -25
386 693 755 25 44
387 741 154 47 -39
388 255 639 2 -8
389 243 686 49 -5
390 679 852 2 -1
391 298 61 2 1
392 139 398 50 -21
393 482 304 33 32
394 67 543 29 16
395 807 119 -43 20
396 497 89 43 40
397 946 63 8 -20
398 21 298 13 -46
399 973 578 -30 29
400 221 610 23 -8
401 814 737 24 -40
402 869 980 7 13
403 130 472 -18 -34
404 65 364 -35 17
405 578 979 -7 29
406 774 895 26 34
407 22 663 14 -23
408 980 743 27 38
409 220 21 -25 -28
410 766 640 -6 -23
411 842 188 1 47
412 190 802 35 37
413 517 676 -13 8
414 432 708 -28 47
415 975 289 4 -15
416 790 775 -30 28
417 574 718 8 26
418 450 804 6 -28
419 825 832 -24 -29
420 161 112 -46 -18
421 291 910 26 35
422 130 855 6 -41
